7
Rezistenta
2
-2.0 0.0
2.0 0.0
3
L -2.0 0.0 -1.0 0.0
L 1.0 0.0 2.0 0.0
R -1.0 -0.5 2.0 1.0
Dioda
2
-2.0 0.0
1.5 0.0
6
L 0.0 0.0 -1.5 -0.75
L 0.0 0.0 -1.5 0.75
L -1.5 -0.75 -1.5 0.75
L 0.0 -1 0.0 1
L 0.0 0.0 1.5 0.0
L -2.0 0.0 -1.5 0.0
Condensator
2
-1.0 0.0
 1.5 0.0
4
L -1.0  0.0 0.0 0.0
L  0.0 -1.0 0.0 1.0
L  0.5  0.0 1.5 0.0
L  0.5 -1.0 0.5 1.0
Amplificator-operational
3
-4.5 -1.5
-4.5 1.5
4.5 0
9
L -2.25 -2.25 -3.0 -2.25
L -2.25 0.75 -3.0 0.75
L -2.625 0.375 -2.625 1.125
L -1.5 -3.0 -1.5 3.0
L -1.5 -3.0 1.5 0.0
L -1.5 3.0 1.5 0.0
L 1.5 0.0 4.5 0.0
L -1.5 -1.5 -4.5 -1.5
L -1.5 1.5 -4.5 1.5
TranzistorNPN
3
-1.0 0.0
1.0 -2.0
1.0 2.0
9
L -1.0 0.0 0.0 0.0
L 0.0 -1.0 0.0 1.0
L 0.0 0.0 1.0 -1.0
L 0.0 0.0 1.0 1.0
L 1.0 1.0 1.0 2.0
L 1.0 -1.0 1.0 -2.0
L 0.5 1.0 1.0 1.0
L 1.0 0.5 1.0 1.0
L 0.5 1.0 1.0 0.5
Dioda-Zenner
2
-1.5 0.0
 1.0 0.0
8
L  0.0  -0.9  0.0   0.9
L  0.0  -0.9  0.33  -0.9
L  0.0  0.9  -0.33  0.9
L  0.0  0.0  1.0   0.0
L  -1.5  0.0  -1.0   0.0
L  0.0  0.0  -1.0  -0.9
L  0.0  0.0  -1.0   0.9
L  -1.0  -0.9  -1.0   0.9
Servo-motor
2
-6.0 0.0
6.0 0.0
9
O 0.0 0.0 2.0 1.0
L -5.0 0.0 -3.0 0.0
L 5.0 0.0 3.0 0.0
L -3.0 -1.0 -3.0 1.0
L 3.0 -1.0 3.0 1.0
L -3.0 -1.0 -1.55 -1.0
L -3.0 1.0 -1.55 1.0
L 3.0 -1.0 1.55 -1.0
L 3.0 1.0 1.55 1.0